%YAML:1.0

#common parameters
#support:1 imu 2 cam: 2 cam; 1 IMU 1 CAM
imu: 1         
num_of_cam: 2  
double_cam: 1  #双相机：1
is_stereo: 1


imu_topic: "/mavros/imu/data_raw"
#imu_topic: "/camera/imu"
#imu_topic: "/imu0"
#image0_topic: "/cam0/image_raw"
#image1_topic: "/cam1/image_raw"
image0_topic: "/camera1/infra1/image_rect_raw"
image1_topic: "/camera1/infra2/image_rect_raw"

1image0_topic: "/camera2/infra1/image_rect_raw"
1image1_topic: "/camera2/infra2/image_rect_raw"

output_path: "/home/xu/output"

cam0_calib: "left.yaml"
cam1_calib: "right.yaml"


image_width: 640
image_height: 480
   

# Extrinsic parameter between IMU and Camera.
estimate_extrinsic1: 1   # 0  Have an accurate extrinsic parameters. We will trust the following imu^R_cam, imu^T_cam, don't change it.
                        # 1  Have an initial guess about extrinsic parameters. We will optimize around your initial guess.

estimate_extrinsic: 1 
1body_T_cam0: !!opencv-matrix
   rows: 4
   cols: 4
   dt: d
   data: [ 4.4259660924829802e-02, -1.2692106591732311e-02,
       -9.9893943402244556e-01, 1.4375932932663543e-01,
       9.9893142059658091e-01, -1.2757597486759753e-02,
       4.4421398573922632e-02, -2.1133553075401466e-02,
       -1.3307868338563733e-02, -9.9983806395667418e-01,
       1.2113897129062745e-02, 1.3257137143831624e-01, 0., 0., 0., 1. ]
1body_T_cam1: !!opencv-matrix
   rows: 4
   cols: 4
   dt: d
   data: [ 4.3846277269523837e-02, -1.2665093012075412e-02,
       -9.9895800681940561e-01, 1.4530997292119313e-01,
       9.9895316007649948e-01, -1.2497477883470554e-02,
       4.4004511356540599e-02, -1.7172330497561008e-03,
       -1.3041776826022811e-02, -9.9984169170201520e-01,
       1.2103866806627117e-02, 1.3245911740985550e-01, 0., 0., 0., 1. ]
       
body_T_cam0: !!opencv-matrix
   rows: 4
   cols: 4
   dt: d
   data: [ -3.6470076304253363e-02, -1.7971396979137855e-02,
       9.9917313936323393e-01, 1.5977991170452693e-01,
       -9.9910425903658584e-01, 2.2128416413995877e-02,
       -3.6069554501876488e-02, -1.1832525205871677e-02,
       -2.1461899014695363e-02, -9.9959359845770668e-01,
       -1.8762324297804556e-02, 1.2700033360562191e-01, 0., 0., 0., 1. ]
body_T_cam1: !!opencv-matrix
   rows: 4
   cols: 4
   dt: d
   data: [ -3.6252848267504856e-02, -1.6854096484147318e-02,
       9.9920051562446488e-01, 1.5996598936223086e-01,
       -9.9911413134898375e-01, 2.1992441761168102e-02,
       -3.5878754774205213e-02, -3.0885358964680094e-02,
       -2.1370155152904746e-02, -9.9961606226445010e-01,
       -1.7636454622630637e-02, 1.2637693165700545e-01, 0., 0., 0., 1. ]
multiple_thread: 1

#feature traker paprameters
max_cnt:  200           # max feature number in feature tracking 150
min_dist: 30            # min distance between two features 
freq: 10                # frequence (Hz) of publish tracking result. At least 10Hz for good estimation. If set 0, the frequence will be same as raw image 
F_threshold: 1.0        # ransac threshold (pixel)
show_track: 1           # publish tracking image as topic
flow_back: 1            # perform forward and backward optical flow to improve feature tracking accuracy

#optimization parameters
max_solver_time: 0.04  # max solver itration time (ms), to guarantee real time
max_num_iterations: 8   # max solver itrations, to guarantee real time
keyframe_parallax: 10.0 # keyframe selection threshold (pixel)

#imu parameters       The more accurate parameters you provide, the better performance
acc_n: 0.5  # accelerometer measurement noise standard deviation. #0.2   0.04
gyr_n: 0.3  # gyroscope measurement noise standard deviation.     #0.05  0.004
acc_w: 0.002   # accelerometer bias random work noise standard deviation.  #0.002
gyr_w: 0.002   # gyroscope bias random work noise standard deviation.     #4.0e-5
g_norm: 9.805         # gravity magnitude

#imu parameters       The more accurate parameters you provide, the better performance   1
#acc_n: 0.09          # accelerometer measurement noise standard deviation. #0.2   0.04
#gyr_n: 0.04         # gyroscope measurement noise standard deviation.     #0.05  0.004
#acc_w: 0.02         # accelerometer bias random work noise standard deviation.  #0.02
#gyr_w: 2.0e-4       # gyroscope bias random work noise standard deviation.     #4.0e-5
#g_norm: 9.79007     # gravity magnitude


#unsynchronization parameters
estimate_td: 1                      # online estimate time offset between camera and imu
td: 0.017                            # initial value of time offset. unit: s. readed image clock + td = real image clock (IMU clock)

#loop closure parameters
load_previous_pose_graph: 0        # load and reuse previous pose graph; load from 'pose_graph_save_path'
pose_graph_save_path: "/home/xu/output/pose_graph/" # save and load path
save_image: 1                   # save image in pose graph for visualization prupose; you can close this function by setting 0 
