%YAML:1.0

#common parameters
#support: 1 imu 1 cam; 1 imu 2 cam: 2 cam; 
imu: 1         
num_of_cam: 2
is_stereo: 0  

imu_topic: "/mavros/imu/data"
#imu_topic: "/camera/imu"
#imu_topic: "/imu0"
#image0_topic: "/cam0/image_raw"
#image1_topic: "/cam1/image_raw"
image0_topic: "/camera/infra1/image_rect_raw"
image1_topic: "/camera/infra2/image_rect_raw"
output_path: "/home/dji/output/"

cam0_calib: "left.yaml"
cam1_calib: "right.yaml"
image_width: 640
image_height: 480
   

# Extrinsic parameter between IMU and Camera.
estimate_extrinsic: 1   # 0  Have an accurate extrinsic parameters. We will trust the following imu^R_cam, imu^T_cam, don't change it.
                        # 1  Have an initial guess about extrinsic parameters. We will optimize around your initial guess.

body_T_cam0: !!opencv-matrix
   rows: 4
   cols: 4
   dt: d
   data: [ -4.3995144768700367e-02, 2.1198595354560423e-02,
       9.9880681154654494e-01, 3.2474245453358523e-02,
       -9.9902483162364231e-01, -4.6528865188526503e-03,
       -4.3905995563208011e-02, 1.6054398237043081e-02,
       3.7165893147992901e-03, -9.9976445736085107e-01,
       2.1382627570736501e-02, 4.7737611073059155e-02, 0., 0., 0., 1. ]
body_T_cam1: !!opencv-matrix
   rows: 4
   cols: 4
   dt: d
   data: [ -4.4102063399172664e-02, 2.2449404630829173e-02,
       9.9877476551806077e-01, 2.9949982617549078e-02,
       -9.9901898375879017e-01, -5.0036628006813189e-03,
       -4.4000380090764069e-02, -3.3559039723772187e-02,
       4.0097498039138313e-03, -9.9973545880412740e-01,
       2.2648053254344269e-02, 4.8111319553619455e-02, 0., 0., 0., 1. ]
#Multiple thread support
multiple_thread: 1

#feature traker paprameters
max_cnt: 150            # max feature number in feature tracking
min_dist: 30            # min distance between two features 
freq: 10                # frequence (Hz) of publish tracking result. At least 10Hz for good estimation. If set 0, the frequence will be same as raw image 
F_threshold: 1.0        # ransac threshold (pixel)
show_track: 1           # publish tracking image as topic
flow_back: 1            # perform forward and backward optical flow to improve feature tracking accuracy

#optimization parameters
max_solver_time: 0.04  # max solver itration time (ms), to guarantee real time
max_num_iterations: 8   # max solver itrations, to guarantee real time
keyframe_parallax: 10.0 # keyframe selection threshold (pixel)

#imu parameters       The more accurate parameters you provide, the better performance
acc_n: 0.5  # accelerometer measurement noise standard deviation. #0.2   0.04
gyr_n: 0.3  # gyroscope measurement noise standard deviation.     #0.05  0.004
acc_w: 0.002   # accelerometer bias random work noise standard deviation.  #0.002
gyr_w: 0.002   # gyroscope bias random work noise standard deviation.     #4.0e-5
g_norm: 9.805         # gravity magnitude

#unsynchronization parameters
estimate_td: 1                      # online estimate time offset between camera and imu
td: 0.017                             # initial value of time offset. unit: s. readed image clock + td = real image clock (IMU clock)

#loop closure parameters
load_previous_pose_graph: 0        # load and reuse previous pose graph; load from 'pose_graph_save_path'
pose_graph_save_path: "/home/vins_output/pose_graph/" # save and load path
save_image: 0                   # save image in pose graph for visualization prupose; you can close this function by setting 0 
